0  -151.4758597906
10  -151.4757558580
20  -151.4755109086
30  -151.4752078576
40  -151.4749103925
50  -151.4746807432
60  -151.4745769260
70  -151.4746256392
80  -151.4748145099
90  -151.4750946277
100  -151.4754024268
110  -151.4756773145
120  -151.4758438366
130  -151.4758094383
140  -151.4754811346
150  -151.4748055903
160  -151.4737358736
170  -151.4722786590
180  -151.4704731304
190  -151.4684082478
200  -151.4662284057
210  -151.4641371779
220  -151.4623670682
230  -151.4611217420
240  -151.4605733296
250  -151.4608303921
260  -151.4618384854
270  -151.4634362650
280  -151.4654366397
290  -151.4676094244
300  -151.4697372756
310  -151.4716512936
320  -151.4732428641
330  -151.4744592713
340  -151.4752751703
350  -151.4757266711

